0000000000000000000000000000000000000001
0000000000000000000000001110100000000001
0000000000000000000000000000000000000001
0000000000001000000000001110100000000001
1111111111110010000000000010000000000001
0000000000010000000000001110001000000001
1111111111110010000000010010000000000001
0000000000011000000000001110001000000001
1111111111110010000000100010000000000001
0000000000100000000000001110001000000001
0000000000010001000010000010000000000001
0000000000110000000000001110001000000001
1111111111101001000010000010000000000001
0000000010001000000000001110001000000001
0000000000101001000010000010000000000001
0000000000110001000010000010001001001001
1111111111110001000010000010000000100110
0000000010001000000000001110001000000001
0000000001001001000010000010000000000001
1111111111110010100110110010001001001001
0000000000101001000010000010000000000001
0000000001101001000010000010000000100101
0000000001110000000000001110001000000001
0000000001011001000010000010000000000001
1111111111110010100110110010001001001001
0000000000101001000010000010000000000001
0000000001111001000010000010000000100101
0000000010000000000000001110001000000001
0000000010010001000010000010000000000001
0000000000000000000000000000000000000001
0000000010100000000000001111000000000001
0000000010100001000010000010000000000001
1111111111110010100110110010001001001001
0000000010001001000010000010000000000001
1111111111101001000010000010000000100101
0000000010001000000000001110001000000001
0000000000101001000010000010000000000001
0000000000110000000000001110001000100101
0000000001110010000000110010000000000001
0000000010101000000000001110001000000001
0000000010101000000000001100000000000001
0000000000000001000010000010000000000001
0000000011010000000000001110001000000001
0000000110010010000001110010000100000001
0000000110001010000010000010001100000001
0000000011100010000001110011010100000001
0000000011011010000010000010001100000001
0000000011010010000001000010001100000001
0000000011001010000001010010001100000001
0000000011000010000001100010001100000001
0000000000000000000000000000000000000001
0000000011101000000000001110001000000001
0000000110011000000000001111001000000001
0000000000001001000010000010000000000001
0000000100001000000000001110001000000001
0000000110101010000001110010000100000001
0000000110100010000010000010001100000001
0000000100011010000001110011010100000001
0000000100010010000010000010001100000001
0000000100001010000001000010001100000001
0000000100000010000001010010001100000001
0000000011111010000001100010001100000001
0000000000000000000000000000000000000001
0000000100100000000000001110001000000001
0000000110110000000000001111001000000001
0000000010000010000000110010000000000001
0000000010110000000000001110001000000001
0000000010110000000000001100000000000001
0000000000000001000010000010000000000001
0000000100111000000000001110001000000001
0000000111000010000001110010000100000001
0000000110111010000010000010001100000001
0000000101001010000001110011010100000001
0000000101000010000010000010001100000001
0000000100111010000001000010001100000001
0000000100110010000001010010001100000001
0000000100101010000001100010001100000001
0000000000000000000000000000000000000001
0000000101010000000000001110001000000001
0000000111001000000000001111001000000001
0000000000001001000010000010000000000001
0000000101101000000000001110001000000001
0000000111011010000001110010000100000001
0000000111010010000010000010001100000001
0000000101111010000001110011010100000001
0000000101110010000010000010001100000001
0000000101101010000001000010001100000001
0000000101100010000001010010001100000001
0000000101011010000001100010001100000001
0000000000000000000000000000000000000001
0000000110000000000000001110001000000001
0000000111100000000000001111001000000001
0000000000111001000010000010000000000001
0000000001001001000010000010001001000001
0000000010011000000000001110001000000001
0000000001001001000010000010000000000001
0000000010011010100110100010001000000001
0000000001010000000000001110001000000001
1111111111110001000010000010000000000001
0000000001010001000010000010001001000001
0000000001100000000000001110001000000001
0000000001010000000000001100000000000001
0000000011101111111111110010000000000001
0000000001100000000000001100000000000001
0000000101010111111111110010001000000001
0000000010111000000000001110001000000001
0000000001010000000000001100000000000001
0000000100100111111111110010000000000001
0000000001100000000000001100000000000001
0000000110000111111111110010001000000001
0000000011110000000000001110001000000001
0000000000111001000010000010000000000001
0000000010001001000010000010001001000001
0000000000000000000000000000000000000001
0000000001000000000000001111000000000001
0000000000011001000010000010000000000001
0000000111110000000000001110001000000001
1111111111101001000010000010000000000001
0000001001001000000000001110001000000001
0000000111101001000010000010000000000001
0000000111110001000010000010001001001001
1111111111110001000010000010000000100110
0000001001001000000000001110001000000001
0000001000001001000010000010000000000001
1111111111110011001101000010001001001001
0000000111101001000010000010000000000001
0000001000101001000010000010000000100101
0000001000110000000000001110001000000001
0000001000011001000010000010000000000001
1111111111110011001101000010001001001001
0000000111101001000010000010000000000001
0000001000111001000010000010000000100101
0000001001000000000000001110001000000001
0000001001010001000010000010000000000001
0000000000000000000000000000000000000001
0000000010100000000000001111000000000001
0000000010100001000010000010000000000001
1111111111110011001101000010001001001001
0000001001001001000010000010000000000001
1111111111101001000010000010000000100101
0000001001001000000000001110001000000001
0000000111101001000010000010000000000001
0000000111110000000000001110001000100101
0000001000110010100111000010000000000001
0000001001100000000000001110001000000001
0000001001100000000000001100000000000001
0000000010111001000010000010000000000001
0000001010001000000000001110001000000001
0000001101001010101000000010000100000001
0000001101000010101000010010001100000001
0000001010011010101000000011010100000001
0000001010010010101000010010001100000001
0000001010001010100111010010001100000001
0000001010000010100111100010001100000001
0000001001111010100111110010001100000001
0000000000000000000000000000000000000001
0000001010100000000000001110001000000001
0000001101010000000000001111001000000001
0000000011110001000010000010000000000001
0000001011000000000000001110001000000001
0000001101100010101000000010000100000001
0000001101011010101000010010001100000001
0000001011010010101000000011010100000001
0000001011001010101000010010001100000001
0000001011000010100111010010001100000001
0000001010111010100111100010001100000001
0000001010110010100111110010001100000001
0000000000000000000000000000000000000001
0000001011011000000000001110001000000001
0000001101101000000000001111001000000001
0000001001000010100111000010000000000001
0000001001101000000000001110001000000001
0000001001101000000000001100000000000001
0000000010111001000010000010000000000001
0000001011110000000000001110001000000001
0000001101111010101000000010000100000001
0000001101110010101000010010001100000001
0000001100000010101000000011010100000001
0000001011111010101000010010001100000001
0000001011110010100111010010001100000001
0000001011101010100111100010001100000001
0000001011100010100111110010001100000001
0000000000000000000000000000000000000001
0000001100001000000000001110001000000001
0000001110000000000000001111001000000001
0000000011110001000010000010000000000001
0000001100100000000000001110001000000001
0000001110010010101000000010000100000001
0000001110001010101000010010001100000001
0000001100110010101000000011010100000001
0000001100101010101000010010001100000001
0000001100100010100111010010001100000001
0000001100011010100111100010001100000001
0000001100010010100111110010001100000001
0000000000000000000000000000000000000001
0000001100111000000000001110001000000001
0000001110011000000000001111001000000001
0000000111111001000010000010000000000001
0000001000001001000010000010001001000001
0000001001011000000000001110001000000001
0000001000001001000010000010000000000001
0000001001011011001100110010001000000001
0000001000010000000000001110001000000001
1111111111110001000010000010000000000001
0000001000010001000010000010001001000001
0000001000100000000000001110001000000001
0000001000010000000000001100000000000001
0000001010100111111111110010000000000001
0000001000100000000000001100000000000001
0000001100001111111111110010001000000001
0000001001110000000000001110001000000001
0000001000010000000000001100000000000001
0000001011011111111111110010000000000001
0000001000100000000000001100000000000001
0000001100111111111111110010001000000001
0000001010101000000000001110001000000001
0000000111111001000010000010000000000001
0000001001001001000010000010001001000001
0000000000000000000000000000000000000001
0000001000000000000000001111000000000001
0000000000100001000010000010000000000001
0000001110101000000000001110001000000001
1111111111101001000010000010000000000001
0000010000000000000000001110001000000001
0000001110100001000010000010000000000001
0000001110101001000010000010001001001001
1111111111110001000010000010000000100110
0000010000000000000000001110001000000001
0000001111000001000010000010000000000001
1111111111110011110011010010001001001001
0000001110100001000010000010000000000001
0000001111100001000010000010000000100101
0000001111101000000000001110001000000001
0000001111010001000010000010000000000001
1111111111110011110011010010001001001001
0000001110100001000010000010000000000001
0000001111110001000010000010000000100101
0000001111111000000000001110001000000001
0000010000001001000010000010000000000001
0000000000000000000000000000000000000001
0000000010100000000000001111000000000001
0000000010100001000010000010000000000001
1111111111110011110011010010001001001001
0000010000000001000010000010000000000001
1111111111101001000010000010000000100101
0000010000000000000000001110001000000001
0000001110100001000010000010000000000001
0000001110101000000000001110001000100101
0000001111101011001101010010000000000001
0000010000011000000000001110001000000001
0000010000011000000000001100000000000001
0000001001110001000010000010000000000001
0000010001000000000000001110001000000001
0000010100000011001110010010000100000001
0000010011111011001110100010001100000001
0000010001010011001110010011010100000001
0000010001001011001110100010001100000001
0000010001000011001101100010001100000001
0000010000111011001101110010001100000001
0000010000110011001110000010001100000001
0000000000000000000000000000000000000001
0000010001011000000000001110001000000001
0000010100001000000000001111001000000001
0000001010101001000010000010000000000001
0000010001111000000000001110001000000001
0000010100011011001110010010000100000001
0000010100010011001110100010001100000001
0000010010001011001110010011010100000001
0000010010000011001110100010001100000001
0000010001111011001101100010001100000001
0000010001110011001101110010001100000001
0000010001101011001110000010001100000001
0000000000000000000000000000000000000001
0000010010010000000000001110001000000001
0000010100100000000000001111001000000001
0000001111111011001101010010000000000001
0000010000100000000000001110001000000001
0000010000100000000000001100000000000001
0000001001110001000010000010000000000001
0000010010101000000000001110001000000001
0000010100110011001110010010000100000001
0000010100101011001110100010001100000001
0000010010111011001110010011010100000001
0000010010110011001110100010001100000001
0000010010101011001101100010001100000001
0000010010100011001101110010001100000001
0000010010011011001110000010001100000001
0000000000000000000000000000000000000001
0000010011000000000000001110001000000001
0000010100111000000000001111001000000001
0000001010101001000010000010000000000001
0000010011011000000000001110001000000001
0000010101001011001110010010000100000001
0000010101000011001110100010001100000001
0000010011101011001110010011010100000001
0000010011100011001110100010001100000001
0000010011011011001101100010001100000001
0000010011010011001101110010001100000001
0000010011001011001110000010001100000001
0000000000000000000000000000000000000001
0000010011110000000000001110001000000001
0000010101010000000000001111001000000001
0000001110110001000010000010000000000001
0000001111000001000010000010001001000001
0000010000010000000000001110001000000001
0000001111000001000010000010000000000001
0000010000010011110011000010001000000001
0000001111001000000000001110001000000001
1111111111110001000010000010000000000001
0000001111001001000010000010001001000001
0000001111011000000000001110001000000001
0000001111001000000000001100000000000001
0000010001011111111111110010000000000001
0000001111011000000000001100000000000001
0000010011000111111111110010001000000001
0000010000101000000000001110001000000001
0000001111001000000000001100000000000001
0000010010010111111111110010000000000001
0000001111011000000000001100000000000001
0000010011110111111111110010001000000001
0000010001100000000000001110001000000001
0000001110110001000010000010000000000001
0000010000000001000010000010001001000001
0000000000000000000000000000000000000001
0000001110111000000000001111000000000001
0000010000101001000010000010000000000001
1111111101111000000000000000001000000001
0000010001100001000010000010000000000001
1111111110000000000000000000001000000001
0000000000000000000000000000000000000001
0000000000000000000000000000000000000001
0000000000000000000000000000000000000001
0000000000000000000000000000000000000001
0000000000000000000000000000000000000001
0000000000000000000000000000000000000001
0000000000000000000000000000000000000001
0000000000000000000000000000000000000001
0000000000000000000000000000000000000001
0000000000000000000000000000000000000001
0000000000000000000000000000000000000001
0000000000000000000000000000000000000001
0000000000000000000000000000000000000001
0000000000000000000000000000000000000001
0000000000000000000000000000000000000001
0000000000000000000000000000000000000001
0000000000000000000000000000000000000001
0000000000000000000000000000000000000001
0000000000000000000000000000000000000001
0000000000000000000000000000000000000001
0000000000000000000000000000000000000001
0000000000000000000000000000000000000001
0000000000000000000000000000000000000001
0000000000000000000000000000000000000001
0000000000000000000000000000000000000001
0000000000000000000000000000000000000001
0000000000000000000000000000000000000001
0000000000000000000000000000000000000001
0000000000000000000000000000000000000001
0000000000000000000000000000000000000001
0000000000000000000000000000000000000001
0000000000000000000000000000000000000001
0000000000000000000000000000000000000001
0000000000000000000000000000000000000001
0000000000000000000000000000000000000001
0000000000000000000000000000000000000001
0000000000000000000000000000000000000001
0000000000000000000000000000000000000001
0000000000000000000000000000000000000001
0000000000000000000000000000000000000001
0000000000000000000000000000000000000001
0000000000000000000000000000000000000001
0000000000000000000000000000000000000001
0000000000000000000000000000000000000001
0000000000000000000000000000000000000001
0000000000000000000000000000000000000001
0000000000000000000000000000000000000001
0000000000000000000000000000000000000001
0000000000000000000000000000000000000001
0000000000000000000000000000000000000001
0000000000000000000000000000000000000001
0000000000000000000000000000000000000001
0000000000000000000000000000000000000001
0000000000000000000000000000000000000001
0000000000000000000000000000000000000001
0000000000000000000000000000000000000001
0000000000000000000000000000000000000001
0000000000000000000000000000000000000001
0000000000000000000000000000000000000001
0000000000000000000000000000000000000001
0000000000000000000000000000000000000001
0000000000000000000000000000000000000001
0000000000000000000000000000000000000001
0000000000000000000000000000000000000001
0000000000000000000000000000000000000001
0000000000000000000000000000000000000001
0000000000000000000000000000000000000001
0000000000000000000000000000000000000001
0000000000000000000000000000000000000001
0000000000000000000000000000000000000001
0000000000000000000000000000000000000001
0000000000000000000000000000000000000001
0000000000000000000000000000000000000001
0000000000000000000000000000000000000001
0000000000000000000000000000000000000001
0000000000000000000000000000000000000001
0000000000000000000000000000000000000001
0000000000000000000000000000000000000001
0000000000000000000000000000000000000001
0000000000000000000000000000000000000001
0000000000000000000000000000000000000001
0000000000000000000000000000000000000001
0000000000000000000000000000000000000001
0000000000000000000000000000000000000001
0000000000000000000000000000000000000001
0000000000000000000000000000000000000001
0000000000000000000000000000000000000001
0000000000000000000000000000000000000001
0000000000000000000000000000000000000001
0000000000000000000000000000000000000001
0000000000000000000000000000000000000001
0000000000000000000000000000000000000001
0000000000000000000000000000000000000001
0000000000000000000000000000000000000001
0000000000000000000000000000000000000001
0000000000000000000000000000000000000001
0000000000000000000000000000000000000001
0000000000000000000000000000000000000001
0000000000000000000000000000000000000001
0000000000000000000000000000000000000001
0000000000000000000000000000000000000001
0000000000000000000000000000000000000001
0000000000000000000000000000000000000001
0000000000000000000000000000000000000001
0000000000000000000000000000000000000001
0000000000000000000000000000000000000001
0000000000000000000000000000000000000001
0000000000000000000000000000000000000001
0000000000000000000000000000000000000001
0000000000000000000000000000000000000001
0000000000000000000000000000000000000001
0000000000000000000000000000000000000001
0000000000000000000000000000000000000001
0000000000000000000000000000000000000001
0000000000000000000000000000000000000001
0000000000000000000000000000000000000001
0000000000000000000000000000000000000001
0000000000000000000000000000000000000001
0000000000000000000000000000000000000001
0000000000000000000000000000000000000001
0000000000000000000000000000000000000001
0000000000000000000000000000000000000001
0000000000000000000000000000000000000001
0000000000000000000000000000000000000001
0000000000000000000000000000000000000001
0000000000000000000000000000000000000001
0000000000000000000000000000000000000001
0000000000000000000000000000000000000001
0000000000000000000000000000000000000001
0000000000000000000000000000000000000001
0000000000000000000000000000000000000001
0000000000000000000000000000000000000001
0000000000000000000000000000000000000001
0000000000000000000000000000000000000001
0000000000000000000000000000000000000001
0000000000000000000000000000000000000001
0000000000000000000000000000000000000001
0000000000000000000000000000000000000001
0000000000000000000000000000000000000001
0000000000000000000000000000000000000001
0000000000000000000000000000000000000001
0000000000000000000000000000000000000001
0000000000000000000000000000000000000001
0000000000000000000000000000000000000001
0000000000000000000000000000000000000001
0000000000000000000000000000000000000001
0000000000000000000000000000000000000001
0000000000000000000000000000000000000001
0000000000000000000000000000000000000001
0000000000000000000000000000000000000001
0000000000000000000000000000000000000001
0000000000000000000000000000000000000001
0000000000000000000000000000000000000001
0000000000000000000000000000000000000001
0000000000000000000000000000000000000001
0000000000000000000000000000000000000001
0000000000000000000000000000000000000001
0000000000000000000000000000000000000001
0000000000000000000000000000000000000001
0000000000000000000000000000000000000001
0000000000000000000000000000000000000001
0000000000000000000000000000000000000001
0000000000000000000000000000000000000001
0000000000000000000000000000000000000001
0000000000000000000000000000000000000001
0000000000000000000000000000000000000001
0000000000000000000000000000000000000001
0000000000000000000000000000000000000001
0000000000000000000000000000000000000001
0000000000000000000000000000000000000001
0000000000000000000000000000000000000001
0000000000000000000000000000000000000001
0000000000000000000000000000000000000001
0000000000000000000000000000000000000001
0000000000000000000000000000000000000001
0000000000000000000000000000000000000001
0000000000000000000000000000000000000001
0000000000000000000000000000000000000001
0000000000000000000000000000000000000001
0000000000000000000000000000000000000001
0000000000000000000000000000000000000001
0000000000000000000000000000000000000001
0000000000000000000000000000000000000001
0000000000000000000000000000000000000001
0000000000000000000000000000000000000001
0000000000000000000000000000000000000001
0000000000000000000000000000000000000001
0000000000000000000000000000000000000001
0000000000000000000000000000000000000001
0000000000000000000000000000000000000001
0000000000000000000000000000000000000001
0000000000000000000000000000000000000001
0000000000000000000000000000000000000001
0000000000000000000000000000000000000001
0000000000000000000000000000000000000001
0000000000000000000000000000000000000001
0000000000000000000000000000000000000001
0000000000000000000000000000000000000001
0000000000000000000000000000000000000001
0000000000000000000000000000000000000001
0000000000000000000000000000000000000001
0000000000000000000000000000000000000001
0000000000000000000000000000000000000001
0000000000000000000000000000000000000001
0000000000000000000000000000000000000001
0000000000000000000000000000000000000001
0000000000000000000000000000000000000001
0000000000000000000000000000000000000001
0000000000000000000000000000000000000001
0000000000000000000000000000000000000001
0000000000000000000000000000000000000001
0000000000000000000000000000000000000001
0000000000000000000000000000000000000001
0000000000000000000000000000000000000001
0000000000000000000000000000000000000001
0000000000000000000000000000000000000001
0000000000000000000000000000000000000001
0000000000000000000000000000000000000001
0000000000000000000000000000000000000001
0000000000000000000000000000000000000001
0000000000000000000000000000000000000001
0000000000000000000000000000000000000001
0000000000000000000000000000000000000001
0000000000000000000000000000000000000001
0000000000000000000000000000000000000001
0000000000000000000000000000000000000001
0000000000000000000000000000000000000001
0000000000000000000000000000000000000001
0000000000000000000000000000000000000001
0000000000000000000000000000000000000001
0000000000000000000000000000000000000001
0000000000000000000000000000000000000001
0000000000000000000000000000000000000001
0000000000000000000000000000000000000001
0000000000000000000000000000000000000001
0000000000000000000000000000000000000001
0000000000000000000000000000000000000001
0000000000000000000000000000000000000001
0000000000000000000000000000000000000001
0000000000000000000000000000000000000001
0000000000000000000000000000000000000001
0000000000000000000000000000000000000001
0000000000000000000000000000000000000001
0000000000000000000000000000000000000001
0000000000000000000000000000000000000001
0000000000000000000000000000000000000001
0000000000000000000000000000000000000001
0000000000000000000000000000000000000001
0000000000000000000000000000000000000001
0000000000000000000000000000000000000001
0000000000000000000000000000000000000001
0000000000000000000000000000000000000001
0000000000000000000000000000000000000001
0000000000000000000000000000000000000001
0000000000000000000000000000000000000001
0000000000000000000000000000000000000001
0000000000000000000000000000000000000001
0000000000000000000000000000000000000001
0000000000000000000000000000000000000001
0000000000000000000000000000000000000001
0000000000000000000000000000000000000001
0000000000000000000000000000000000000001
0000000000000000000000000000000000000001
0000000000000000000000000000000000000001
0000000000000000000000000000000000000001
0000000000000000000000000000000000000001
0000000000000000000000000000000000000001
0000000000000000000000000000000000000001
0000000000000000000000000000000000000001
0000000000000000000000000000000000000001
0000000000000000000000000000000000000001
0000000000000000000000000000000000000001
0000000000000000000000000000000000000001
0000000000000000000000000000000000000001
0000000000000000000000000000000000000001
0000000000000000000000000000000000000001
0000000000000000000000000000000000000001
0000000000000000000000000000000000000001
0000000000000000000000000000000000000001
0000000000000000000000000000000000000001
0000000000000000000000000000000000000001
0000000000000000000000000000000000000001
0000000000000000000000000000000000000001
0000000000000000000000000000000000000001
0000000000000000000000000000000000000001
0000000000000000000000000000000000000001
0000000000000000000000000000000000000001
0000000000000000000000000000000000000001
0000000000000000000000000000000000000001
0000000000000000000000000000000000000001
0000000000000000000000000000000000000001
0000000000000000000000000000000000000001
0000000000000000000000000000000000000001
0000000000000000000000000000000000000001
0000000000000000000000000000000000000001
0000000000000000000000000000000000000001
0000000000000000000000000000000000000001
0000000000000000000000000000000000000001
0000000000000000000000000000000000000001
0000000000000000000000000000000000000001
0000000000000000000000000000000000000001
0000000000000000000000000000000000000001
0000000000000000000000000000000000000001
0000000000000000000000000000000000000001
0000000000000000000000000000000000000001
0000000000000000000000000000000000000001
0000000000000000000000000000000000000001
0000000000000000000000000000000000000001
0000000000000000000000000000000000000001
0000000000000000000000000000000000000001
0000000000000000000000000000000000000001
0000000000000000000000000000000000000001
0000000000000000000000000000000000000001
0000000000000000000000000000000000000001
0000000000000000000000000000000000000001
0000000000000000000000000000000000000001
0000000000000000000000000000000000000001
0000000000000000000000000000000000000001
0000000000000000000000000000000000000001
0000000000000000000000000000000000000001
0000000000000000000000000000000000000001
0000000000000000000000000000000000000001
0000000000000000000000000000000000000001
0000000000000000000000000000000000000001
0000000000000000000000000000000000000001
0000000000000000000000000000000000000001
0000000000000000000000000000000000000001
0000000000000000000000000000000000000001
0000000000000000000000000000000000000001
0000000000000000000000000000000000000001
0000000000000000000000000000000000000001
0000000000000000000000000000000000000001
0000000000000000000000000000000000000001
0000000000000000000000000000000000000001
0000000000000000000000000000000000000001
0000000000000000000000000000000000000001
0000000000000000000000000000000000000001
0000000000000000000000000000000000000001
0000000000000000000000000000000000000001
0000000000000000000000000000000000000001
0000000000000000000000000000000000000001
0000000000000000000000000000000000000001
0000000000000000000000000000000000000001
0000000000000000000000000000000000000001
0000000000000000000000000000000000000001
0000000000000000000000000000000000000001
0000000000000000000000000000000000000001
0000000000000000000000000000000000000001
0000000000000000000000000000000000000001
0000000000000000000000000000000000000001
0000000000000000000000000000000000000001
0000000000000000000000000000000000000001
0000000000000000000000000000000000000001
0000000000000000000000000000000000000001
0000000000000000000000000000000000000001
0000000000000000000000000000000000000001
0000000000000000000000000000000000000001
0000000000000000000000000000000000000001
0000000000000000000000000000000000000001
0000000000000000000000000000000000000001
0000000000000000000000000000000000000001
0000000000000000000000000000000000000001
0000000000000000000000000000000000000001
0000000000000000000000000000000000000001
0000000000000000000000000000000000000001
0000000000000000000000000000000000000001
0000000000000000000000000000000000000001
0000000000000000000000000000000000000001
0000000000000000000000000000000000000001
0000000000000000000000000000000000000001
0000000000000000000000000000000000000001
0000000000000000000000000000000000000001
0000000000000000000000000000000000000001
0000000000000000000000000000000000000001
0000000000000000000000000000000000000001
0000000000000000000000000000000000000001
0000000000000000000000000000000000000001
0000000000000000000000000000000000000001
0000000000000000000000000000000000000001
0000000000000000000000000000000000000001
0000000000000000000000000000000000000001
0000000000000000000000000000000000000001
0000000000000000000000000000000000000001
0000000000000000000000000000000000000001
0000000000000000000000000000000000000001
0000000000000000000000000000000000000001
0000000000000000000000000000000000000001
0000000000000000000000000000000000000001
0000000000000000000000000000000000000001
0000000000000000000000000000000000000001
0000000000000000000000000000000000000001
0000000000000000000000000000000000000001
0000000000000000000000000000000000000001
0000000000000000000000000000000000000001
0000000000000000000000000000000000000001
0000000000000000000000000000000000000001
0000000000000000000000000000000000000001
0000000000000000000000000000000000000001
0000000000000000000000000000000000000001
0000000000000000000000000000000000000001
0000000000000000000000000000000000000001
0000000000000000000000000000000000000001
0000000000000000000000000000000000000001
0000000000000000000000000000000000000001
0000000000000000000000000000000000000001
0000000000000000000000000000000000000001
0000000000000000000000000000000000000001
0000000000000000000000000000000000000001
0000000000000000000000000000000000000001
0000000000000000000000000000000000000001
0000000000000000000000000000000000000001
0000000000000000000000000000000000000001
0000000000000000000000000000000000000001
0000000000000000000000000000000000000001
0000000000000000000000000000000000000001
0000000000000000000000000000000000000001
0000000000000000000000000000000000000001
0000000000000000000000000000000000000001
0000000000000000000000000000000000000001
0000000000000000000000000000000000000001
0000000000000000000000000000000000000001
0000000000000000000000000000000000000001
0000000000000000000000000000000000000001
0000000000000000000000000000000000000001
0000000000000000000000000000000000000001
0000000000000000000000000000000000000001
0000000000000000000000000000000000000001
0000000000000000000000000000000000000001
0000000000000000000000000000000000000001
0000000000000000000000000000000000000001
0000000000000000000000000000000000000001
0000000000000000000000000000000000000001
0000000000000000000000000000000000000001
0000000000000000000000000000000000000001
0000000000000000000000000000000000000001
0000000000000000000000000000000000000001
0000000000000000000000000000000000000001
0000000000000000000000000000000000000001
0000000000000000000000000000000000000001
0000000000000000000000000000000000000001
0000000000000000000000000000000000000001
0000000000000000000000000000000000000001
0000000000000000000000000000000000000001
0000000000000000000000000000000000000001
0000000000000000000000000000000000000001
0000000000000000000000000000000000000001
0000000000000000000000000000000000000001
0000000000000000000000000000000000000001
0000000000000000000000000000000000000001
0000000000000000000000000000000000000001
0000000000000000000000000000000000000001
0000000000000000000000000000000000000001
0000000000000000000000000000000000000001
0000000000000000000000000000000000000001
0000000000000000000000000000000000000001
0000000000000000000000000000000000000001
0000000000000000000000000000000000000001
0000000000000000000000000000000000000001
0000000000000000000000000000000000000001
0000000000000000000000000000000000000001
0000000000000000000000000000000000000001
0000000000000000000000000000000000000001
0000000000000000000000000000000000000001
0000000000000000000000000000000000000001
0000000000000000000000000000000000000001
0000000000000000000000000000000000000001
0000000000000000000000000000000000000001
0000000000000000000000000000000000000001
0000000000000000000000000000000000000001
0000000000000000000000000000000000000001
0000000000000000000000000000000000000001
0000000000000000000000000000000000000001
0000000000000000000000000000000000000001
0000000000000000000000000000000000000001
0000000000000000000000000000000000000001
0000000000000000000000000000000000000001
0000000000000000000000000000000000000001
0000000000000000000000000000000000000001
0000000000000000000000000000000000000001
0000000000000000000000000000000000000001
0000000000000000000000000000000000000001
0000000000000000000000000000000000000001
0000000000000000000000000000000000000001
0000000000000000000000000000000000000001
0000000000000000000000000000000000000001
0000000000000000000000000000000000000001
0000000000000000000000000000000000000001
0000000000000000000000000000000000000001
0000000000000000000000000000000000000001
0000000000000000000000000000000000000001
0000000000000000000000000000000000000001
0000000000000000000000000000000000000001
0000000000000000000000000000000000000001
0000000000000000000000000000000000000001
0000000000000000000000000000000000000001
0000000000000000000000000000000000000001
0000000000000000000000000000000000000001
0000000000000000000000000000000000000001
0000000000000000000000000000000000000001
0000000000000000000000000000000000000001
0000000000000000000000000000000000000001
0000000000000000000000000000000000000001
0000000000000000000000000000000000000001
0000000000000000000000000000000000000001
0000000000000000000000000000000000000001
0000000000000000000000000000000000000001
0000000000000000000000000000000000000001
0000000000000000000000000000000000000001
0000000000000000000000000000000000000001
0000000000000000000000000000000000000001
0000000000000000000000000000000000000001
0000000000000000000000000000000000000001
0000000000000000000000000000000000000001
0000000000000000000000000000000000000001
0000000000000000000000000000000000000001
0000000000000000000000000000000000000001
0000000000000000000000000000000000000001
0000000000000000000000000000000000000001
0000000000000000000000000000000000000001
0000000000000000000000000000000000000001
0000000000000000000000000000000000000001
0000000000000000000000000000000000000001
0000000000000000000000000000000000000001
0000000000000000000000000000000000000001
0000000000000000000000000000000000000001
0000000000000000000000000000000000000001
0000000000000000000000000000000000000001
0000000000000000000000000000000000000001
0000000000000000000000000000000000000001
0000000000000000000000000000000000000001
0000000000000000000000000000000000000001
0000000000000000000000000000000000000001
0000000000000000000000000000000000000001
0000000000000000000000000000000000000001
0000000000000000000000000000000000000001
0000000000000000000000000000000000000001
0000000000000000000000000000000000000001
0000000000000000000000000000000000000001
0000000000000000000000000000000000000001
0000000000000000000000000000000000000001
0000000000000000000000000000000000000001
0000000000000000000000000000000000000001
0000000000000000000000000000000000000001
0000000000000000000000000000000000000001
0000000000000000000000000000000000000001
0000000000000000000000000000000000000001
0000000000000000000000000000000000000001
0000000000000000000000000000000000000001
0000000000000000000000000000000000000001
0000000000000000000000000000000000000001
0000000000000000000000000000000000000001
0000000000000000000000000000000000000001
0000000000000000000000000000000000000001
0000000000000000000000000000000000000001
0000000000000000000000000000000000000001
0000000000000000000000000000000000000001
0000000000000000000000000000000000000001
0000000000000000000000000000000000000001
0000000000000000000000000000000000000001
0000000000000000000000000000000000000001
0000000000000000000000000000000000000001
0000000000000000000000000000000000000001
0000000000000000000000000000000000000001
0000000000000000000000000000000000000001
0000000000000000000000000000000000000001
0000000000000000000000000000000000000001
0000000000000000000000000000000000000001
0000000000000000000000000000000000000001
0000000000000000000000000000000000000001
0000000000000000000000000000000000000001
0000000000000000000000000000000000000001
0000000000000000000000000000000000000001
0000000000000000000000000000000000000001
0000000000000000000000000000000000000001
0000000000000000000000000000000000000001
0000000000000000000000000000000000000001
0000000000000000000000000000000000000001
0000000000000000000000000000000000000001
0000000000000000000000000000000000000001
0000000000000000000000000000000000000001
0000000000000000000000000000000000000001
0000000000000000000000000000000000000001
0000000000000000000000000000000000000001
0000000000000000000000000000000000000001
0000000000000000000000000000000000000001
0000000000000000000000000000000000000001
0000000000000000000000000000000000000001
0000000000000000000000000000000000000001
0000000000000000000000000000000000000001
0000000000000000000000000000000000000001
0000000000000000000000000000000000000001
0000000000000000000000000000000000000001
0000000000000000000000000000000000000001
0000000000000000000000000000000000000001
0000000000000000000000000000000000000001
0000000000000000000000000000000000000001
0000000000000000000000000000000000000001
0000000000000000000000000000000000000001
0000000000000000000000000000000000000001
0000000000000000000000000000000000000001
0000000000000000000000000000000000000001
0000000000000000000000000000000000000001
0000000000000000000000000000000000000001
0000000000000000000000000000000000000001
0000000000000000000000000000000000000001
0000000000000000000000000000000000000001
0000000000000000000000000000000000000001
0000000000000000000000000000000000000001
0000000000000000000000000000000000000001
0000000000000000000000000000000000000001
0000000000000000000000000000000000000001
0000000000000000000000000000000000000001
0000000000000000000000000000000000000001
0000000000000000000000000000000000000001
0000000000000000000000000000000000000001
0000000000000000000000000000000000000001
0000000000000000000000000000000000000001
0000000000000000000000000000000000000001
0000000000000000000000000000000000000001
0000000000000000000000000000000000000001
0000000000000000000000000000000000000001
0000000000000000000000000000000000000001
0000000000000000000000000000000000000001
0000000000000000000000000000000000000001
0000000000000000000000000000000000000001
0000000000000000000000000000000000000001
0000000000000000000000000000000000000001
0000000000000000000000000000000000000001
0000000000000000000000000000000000000001
0000000000000000000000000000000000000001
0000000000000000000000000000000000000001
0000000000000000000000000000000000000001
0000000000000000000000000000000000000001
0000000000000000000000000000000000000001
0000000000000000000000000000000000000001
0000000000000000000000000000000000000001
0000000000000000000000000000000000000001
0000000000000000000000000000000000000001
0000000000000000000000000000000000000001
0000000000000000000000000000000000000001
0000000000000000000000000000000000000001
0000000000000000000000000000000000000001
0000000000000000000000000000000000000001
0000000000000000000000000000000000000001
0000000000000000000000000000000000000001
0000000000000000000000000000000000000001
0000000000000000000000000000000000000001
0000000000000000000000000000000000000001
0000000000000000000000000000000000000001
0000000000000000000000000000000000000001
0000000000000000000000000000000000000001
0000000000000000000000000000000000000001
0000000000000000000000000000000000000001
0000000000000000000000000000000000000001
0000000000000000000000000000000000000001
0000000000000000000000000000000000000001
0000000000000000000000000000000000000001
0000000000000000000000000000000000000001
0000000000000000000000000000000000000001
0000000000000000000000000000000000000001
0000000000000000000000000000000000000001
0000000000000000000000000000000000000001
0000000000000000000000000000000000000001
0000000000000000000000000000000000000001
0000000000000000000000000000000000000001
0000000000000000000000000000000000000001
0000000000000000000000000000000000000001
0000000000000000000000000000000000000001
0000000000000000000000000000000000000001
0000000000000000000000000000000000000001
0000000000000000000000000000000000000001
0000000000000000000000000000000000000001
0000000000000000000000000000000000000001
0000000000000000000000000000000000000001
0000000000000000000000000000000000000001
0000000000000000000000000000000000000001
0000000000000000000000000000000000000001
0000000000000000000000000000000000000001
0000000000000000000000000000000000000001
0000000000000000000000000000000000000001
0000000000000000000000000000000000000001
0000000000000000000000000000000000000001
0000000000000000000000000000000000000001
0000000000000000000000000000000000000001
0000000000000000000000000000000000000001
0000000000000000000000000000000000000001
0000000000000000000000000000000000000001
0000000000000000000000000000000000000001
0000000000000000000000000000000000000001
0000000000000000000000000000000000000001
0000000000000000000000000000000000000001
0000000000000000000000000000000000000001
0000000000000000000000000000000000000001
0000000000000000000000000000000000000001
0000000000000000000000000000000000000001
